num_correct_model:  0.81432 0.3888482192321317
dissimilarity_model:  4.180062762836816 3.7581521115615573
perturbation_steps:  [0.1, 0.2, 0.3, 0.4, 0.5, 0.6, 0.7, 0.8, 0.9]
num_correct_pertub:  [0.72076 0.64598 0.5715  0.49384 0.41376 0.32942 0.24482 0.14402 0.04708] [0.4486257  0.47821526 0.49486134 0.49996205 0.49250651 0.47000262
 0.42998043 0.35111001 0.21180999]
num_correct_pertub_original_prediction:  [0.78424 0.6872  0.59992 0.51422 0.42752 0.33808 0.24938 0.14644 0.04784] [0.41134854 0.46363365 0.48991427 0.49979775 0.49471876 0.47305593
 0.43265415 0.35354678 0.21342759]