 num_correct_model:  0.81432 0.3888482192321317
dissimilarity_model:  4.180062762836816 3.7581521115615573
perturbation_steps:  [0.1, 0.2, 0.3, 0.4, 0.5, 0.6, 0.7, 0.8, 0.9]
num_correct_pertub:  [0.79346 0.74994 0.6807  0.58306 0.45922 0.33518 0.2148  0.11436 0.03876] [0.40482247 0.43304734 0.46620544 0.49305277 0.49833422 0.47205335
 0.41068353 0.318248   0.19302244]
num_correct_pertub_original_prediction:  [0.90234 0.84016 0.75304 0.63902 0.50162 0.36484 0.2343  0.12416 0.04214] [0.29685438 0.3664576  0.43124327 0.48028475 0.49999738 0.48138527
 0.42356052 0.329764   0.20090849]