50000
100% 3125/3125 [1:01:14<00:00,  1.18s/it]
num_correct_model:  0.81432 0.3888482192321317
dissimilarity_model:  4.180062762836816 3.7581521115615573
perturbation_steps:  [0.1, 0.2, 0.3, 0.4, 0.5, 0.6, 0.7, 0.8, 0.9]
num_correct_pertub:  [0.79992 0.78184 0.75678 0.71776 0.65806 0.57496 0.46228 0.31384 0.13194] [39996. 39092. 37839. 35888. 32903. 28748. 23114. 15692.  6597.]
num_correct_pertub_original_prediction:  [0.91522 0.88138 0.84368 0.79452 0.72494 0.62848 0.504   0.34066 0.1423 ] [45761. 44069. 42184. 39726. 36247. 31424. 25200. 17033.  7115.]