50000
100% 3125/3125 [1:01:04<00:00,  1.17s/it]
num_correct_model:  0.81432 0.3888482192321317
dissimilarity_model:  4.180062762836816 3.7581521115615573
perturbation_steps:  [0.1, 0.2, 0.3, 0.4, 0.5, 0.6, 0.7, 0.8, 0.9]
num_correct_pertub:  [0.63202 0.4789  0.34214 0.22368 0.13498 0.07242 0.03324 0.01312 0.00462] [31601. 23945. 17107. 11184.  6749.  3621.  1662.   656.   231.]
num_correct_pertub_original_prediction:  [0.66004 0.48768 0.34362 0.22278 0.13228 0.07114 0.0322  0.0127  0.00452] [33002. 24384. 17181. 11139.  6614.  3557.  1610.   635.   226.]