50000
100% 3125/3125 [1:01:12<00:00,  1.18s/it]
num_correct_model:  0.81432 0.3888482192321317
dissimilarity_model:  4.180062762836816 3.7581521115615573
perturbation_steps:  [0.1, 0.2, 0.3, 0.4, 0.5, 0.6, 0.7, 0.8, 0.9]
num_correct_pertub:  [0.664   0.53254 0.40498 0.28812 0.18988 0.11472 0.05818 0.02438 0.00718] [33200. 26627. 20249. 14406.  9494.  5736.  2909.  1219.   359.]
num_correct_pertub_original_prediction:  [0.71984 0.56588 0.42516 0.30162 0.19758 0.11854 0.05958 0.02428 0.00728] [35992. 28294. 21258. 15081.  9879.  5927.  2979.  1214.   364.]