50000
100% 3125/3125 [1:00:39<00:00,  1.16s/it]
num_correct_model:  0.81432 0.3888482192321317
dissimilarity_model:  4.180062762836816 3.7581521115615573
perturbation_steps:  [0.1, 0.2, 0.3, 0.4, 0.5, 0.6, 0.7, 0.8, 0.9]
num_correct_pertub:  [0.7931  0.7673  0.7283  0.67602 0.59924 0.50492 0.38456 0.24858 0.10036] [39655. 38365. 36415. 33801. 29962. 25246. 19228. 12429.  5018.]
num_correct_pertub_original_prediction:  [0.89822 0.84988 0.7959  0.7322  0.64416 0.53804 0.40634 0.26194 0.10446] [44911. 42494. 39795. 36610. 32208. 26902. 20317. 13097.  5223.]