num_correct_model:  0.81432 0.3888482192321317
dissimilarity_model:  4.180062822411789 3.75815215208437
perturbation_steps:  [0.1, 0.2, 0.3, 0.4, 0.5, 0.6, 0.7, 0.8, 0.9]
num_correct_pertub:  [0.63016 0.47856 0.34242 0.22296 0.13578 0.0724  0.03388 0.01356 0.00464] [0.4827612  0.49954011 0.47451928 0.41623171 0.3425548  0.25914907
 0.18092027 0.1156552  0.06795933]
num_correct_pertub_original_prediction:  [0.6599  0.4882  0.3441  0.22202 0.1329  0.07042 0.03296 0.0132  0.0044 ] [0.47374254 0.49986074 0.47507388 0.41560452 0.33946663 0.25585352
 0.1785319  0.11413045 0.0661864 ]