num_correct_model:  0.81432 0.3888482192321317
dissimilarity_model:  4.180062822411789 3.75815215208437
perturbation_steps:  [0.1, 0.2, 0.3, 0.4, 0.5, 0.6, 0.7, 0.8, 0.9]
num_correct_pertub:  [0.63082 0.47878 0.34118 0.2236  0.1346  0.07262 0.03336 0.01374 0.00476] [0.48258277 0.49954951 0.47410569 0.41665698 0.34129582 0.25951173
 0.1795748  0.11640967 0.06882835]
num_correct_pertub_original_prediction:  [0.65944 0.48794 0.34304 0.22218 0.1326  0.071   0.03274 0.0135  0.00456] [0.47389755 0.49985454 0.47472472 0.4157115  0.33914192 0.25682484
 0.17795531 0.11540256 0.06737363]