num_correct_model:  0.81432 0.3888482192321317
dissimilarity_model:  4.180062762836816 3.7581521115615573
perturbation_steps:  [0.1, 0.2, 0.3, 0.4, 0.5, 0.6, 0.7, 0.8, 0.9]
num_correct_pertub:  [0.76928 0.73244 0.69184 0.63948 0.56702 0.46976 0.3446  0.19628 0.05924] [0.42129358 0.44268685 0.46173306 0.48015136 0.49548796 0.4990847
 0.47523767 0.39718278 0.23607334]
num_correct_pertub_original_prediction:  [0.84746 0.79418 0.743   0.68054 0.60078 0.49284 0.3619  0.20548 0.06176] [0.35954353 0.40429955 0.4369794  0.46626742 0.48973808 0.49994873
 0.48055009 0.40405194 0.24071914]
