num_correct_model:  0.81432 0.3888482192321317
dissimilarity_model:  4.180062762836816 3.7581521115615573
perturbation_steps:  [0.1, 0.2, 0.3, 0.4, 0.5, 0.6, 0.7, 0.8, 0.9]
num_correct_pertub:  [0.7514  0.67606 0.59874 0.51452 0.42524 0.33736 0.23904 0.13444 0.03706] [0.43220139 0.46797743 0.49015346 0.49978913 0.49437935 0.47280887
 0.42649722 0.34112444 0.18890886]
num_correct_pertub_original_prediction:  [0.82602 0.73088 0.6406  0.54534 0.44804 0.35364 0.2508  0.13982 0.03866] [0.37909228 0.44350245 0.47982459 0.49794004 0.49729283 0.4780991
 0.4334736  0.34680018 0.19278331]